_version.3D27.2.9.0.26coreVersion.3Dqemu2.25202.8.0 = 1531164681
_version.3D27.3.8.0.26coreVersion.3Dqemu2.25202.8.0 = 1531313147
